62,52
62,51
62,50
62,49
62,48
62,47
62,46
62,45
62,44
62,43
62,42
62,41
62,40
62,39
62,38
62,37
62,36
62,35
10,145
10,21
10,173
10,281
10,9
10,291
11,15
11,22
11,19
8,5
8,7
8,8
8,11
8,16
20,3
20,2
20,1
19,2
19,1
12,3
19,3
12,2
12,1
11,30
11,27
11,25
11,17
11,11
11,10
11,9
11,6
11,3
11,2
11,1
10,311
10,305
10,297
10,257
18,1
10,203
10,107
18,3
10,81
10,3
10,2
14,1
10,1
9,7
9,5
9,3
14,3
13,1
9,2
9,1
8,15
13,3
8,14
8,13
8,10
8,9
8,6
8,4
8,3
8,2
8,1
3,3
3,2
3,1
2,3
2,2
2,1
0,472
0,278
0,273
0,270
0,243
0,9
0,0
62,34
